epoch:0 0.2864  0.3874  0.3296  0.1938  0.3357  0.3514  0.5054  0.5105  0.5105  0.3368  0.5761  0.5873  0.5169  0.001000
epoch:1 0.2247  0.3159  0.2586  0.1498  0.2783  0.1950  0.3678  0.3727  0.3727  0.2445  0.4197  0.3457  0.2220  0.001000
epoch:2 0.2975  0.3794  0.3461  0.1643  0.3653  0.3084  0.4291  0.4344  0.4344  0.2542  0.4883  0.4524  0.1849  0.001000
