epoch:0 0.2795  0.3753  0.3269  0.1507  0.3329  0.3144  0.5109  0.5189  0.5189  0.2906  0.6090  0.5690  0.4950  0.001000
epoch:1 0.1643  0.2230  0.1921  0.2002  0.2355  0.1364  0.2672  0.2736  0.2736  0.2381  0.3340  0.2224  0.2169  0.001000
