epoch:0 0.2991  0.4030  0.3445  0.1747  0.3878  0.3433  0.5303  0.5383  0.5383  0.2849  0.6121  0.6488  0.5191  0.001000
epoch:1 0.2593  0.3648  0.3013  0.1965  0.3534  0.2199  0.4016  0.4089  0.4089  0.3058  0.5241  0.3305  0.2170  0.001000
epoch:2 0.3241  0.4336  0.3849  0.2213  0.4038  0.3333  0.4569  0.4647  0.4647  0.2898  0.5594  0.4849  0.1778  0.001000
