epoch:0 0.3481  0.4786  0.4177  0.1780  0.4102  0.3867  0.5513  0.5588  0.5588  0.3070  0.6200  0.6547  0.4882  0.001000
epoch:1 0.3362  0.4542  0.3912  0.2079  0.3895  0.3163  0.4961  0.4997  0.4997  0.2946  0.5577  0.4502  0.2105  0.001000
epoch:2 0.3549  0.4688  0.4233  0.2342  0.4310  0.3047  0.4852  0.4914  0.4914  0.3072  0.5723  0.4911  0.1725  0.001000
