epoch:0 0.2956  0.4028  0.3464  0.2180  0.3358  0.3461  0.5224  0.5266  0.5266  0.3501  0.5667  0.5705  0.5159  0.001000
epoch:1 0.1972  0.2919  0.2214  0.1685  0.2373  0.1347  0.2833  0.2894  0.2894  0.2327  0.3366  0.2001  0.2271  0.001000
epoch:2 0.2769  0.3850  0.3209  0.2022  0.3237  0.3191  0.4179  0.4240  0.4240  0.2791  0.4598  0.4491  0.1764  0.001000
epoch:3 0.3191  0.4421  0.3609  0.2620  0.3747  0.2886  0.4314  0.4355  0.4355  0.3222  0.4766  0.3996  0.1625  0.001000
