epoch:0 0.2568  0.3504  0.2981  0.1293  0.3252  0.2805  0.4738  0.4770  0.4770  0.2941  0.5223  0.5210  0.5063  0.001000
epoch:1 0.1932  0.2581  0.2304  0.2053  0.2725  0.1079  0.2959  0.2984  0.2984  0.2759  0.3835  0.1833  0.2159  0.001000
epoch:2 0.3446  0.4298  0.4043  0.2524  0.4327  0.3105  0.4577  0.4620  0.4620  0.3092  0.5614  0.4187  0.1747  0.001000
