epoch:0 0.2866  0.4079  0.3216  0.1911  0.3602  0.3336  0.5455  0.5544  0.5551  0.3942  0.6183  0.5825  0.4949  0.001000
epoch:1 0.2809  0.3924  0.3395  0.2820  0.3611  0.2666  0.4565  0.4583  0.4583  0.3800  0.5365  0.4120  0.2207  0.001000
epoch:2 0.3388  0.4512  0.3940  0.2708  0.4262  0.3374  0.4837  0.4863  0.4863  0.3773  0.5753  0.4552  0.1779  0.001000
