epoch:0 0.3218  0.4398  0.3787  0.2207  0.4018  0.3569  0.5659  0.5736  0.5736  0.4010  0.6356  0.6188  0.4818  0.001000
epoch:1 0.3098  0.4109  0.3658  0.2810  0.3669  0.3430  0.4944  0.5040  0.5040  0.3743  0.5482  0.5173  0.2102  0.001000
epoch:2 0.4303  0.5509  0.4981  0.3145  0.5215  0.4276  0.5743  0.5778  0.5778  0.3951  0.6699  0.5602  0.1760  0.001000
epoch:3 0.4145  0.5506  0.4839  0.2705  0.4649  0.4083  0.5427  0.5455  0.5455  0.4090  0.5983  0.5579  0.1609  0.001000
