epoch:0 0.2071  0.2847  0.2334  0.1119  0.2810  0.2675  0.4175  0.4260  0.4260  0.2696  0.5183  0.4830  0.4829  0.001000
epoch:1 0.3092  0.4080  0.3604  0.1439  0.3964  0.4060  0.4731  0.4767  0.4767  0.2334  0.5811  0.5841  0.2176  0.001000
epoch:2 0.3986  0.5062  0.4587  0.1871  0.5373  0.4932  0.5613  0.5667  0.5667  0.3234  0.6657  0.6470  0.1730  0.001000
